0.0260510044564966
-0.0589825434711163
-0.055518778805227
0.0633432493923779
0.178557011219583
-0.0116551541782492
-0.223895861421619
-0.267790606545449
0.30443712024364
0.822543413552177
0.746461308793333
-0.257547637490393
-1.0343771821435
-0.773000765615528
0.063364400927252
0.48119743449309
0.224564836848395
0.263017147787382
0.924678772770556
1.37031618359221
0.868462147287017
-0.159873225589513
-0.978392408472035
-0.71383852090182
-0.185036057127661
0.252979116442793
-0.130104768111503
-0.605680602692417
-0.711853620492514
-0.719040078463725
-0.236409937382961
0.187205103757979
0.157089823545013
-0.018334867240864
-0.317230058816868
-0.527365485229183
-0.784472357732373
-0.90126634176027
-0.118096586322538
1.13383943020902
1.82606305263274
1.32594799368172
0.152019920285994
-0.296812844138003
-0.37659977363594
-0.0563257021081226
-0.345404890570021
-0.772647648966704
-0.524449784781799
-0.107838909506405
0.363098275334356
0.33739293222552
-0.0730021630179484
-0.175187117757923
-0.0753686968482696
0.377738171448411
0.901879347351784
1.25517223692555
1.39654821490254
1.34854247841309
1.33953265989135
0.759814450406243
-0.0892862074992418
-1.15123613881431
-1.94409298696804
-1.65933050109511
-0.994741736501422
-0.222304100029587
0.0332349932138042
-0.232156183602601
-0.402283088309849
-0.664812429600592
-0.484362880077701
-0.162423054251766
0.537527398563013
0.69619919616108
0.434858766212764
0.0665137305883955
0.344556592463017
0.886378532500555
0.834414544981161
-0.439502144269689
-1.52426983845334
-1.46166286967953
-0.0713293890697379
0.862426202949882
0.437593888096709
-0.575420015000253
-1.42367246001326
-0.939738091538305
0.139032531827173
1.09661007710555
0.834380778698165
-0.0426066914251979
-0.765603839071432
-0.432998616954433
0.379647358661272
0.962787401132381
0.520127640096446
0.13732452021716
-0.075673276613562
-0.141508898240069
-0.454420789733881
-1.28346932884095
-1.54273200007195
-0.982279579913135
-0.30927975021442
0.0531669091212085
-0.00724289198445732
-0.355685057421136
-0.25550688806758
-0.182705996540581
-0.477112234970897
-1.24852244890936
-1.43463407883305
-1.13403245689302
-0.0483301252654492
0.856983172103517
0.950332801118027
0.67311901016609
0.396355490456259
0.277491739250831
0.403759169344826
0.748749730456059
0.923120427382606
0.664874054779984
-0.118232731039553
-0.872902191076635
-0.942664713981231
-0.397445686328094
-0.0390789493424073
0.252288562016921
-0.100905584591718
-0.613447286062323
-0.798577820859801
-0.84428286085777
-0.45938013789725
0.104148441358481
0.22718763823489
0.116625388362408
-0.00968320712770908
0.235364878861931
0.548743608029082
0.657034929879637
0.396660690874279
-0.172932215632699
-0.830302256551038
-1.04207488739667
-0.805958976813961
-0.362398006525876
-0.226349837745308
0.00836027218524895
0.0817041930142159
-0.0919888429134424
-0.256099931430555
-0.480238132917418
-0.282513243021773
0.0770312183552011
0.440071883558695
0.326749281286208
0.165193078860343
-0.101541681345185
0.189773783515814
0.422740711508366
0.575960067596987
0.25069986402241
-0.0767585820994656
-0.313535184790029
-0.453230240600896
-0.526700195233779
-1.05041932078331
-1.09922447986059
-1.02771462262155
-0.549178213792632
-0.519481218254005
-0.381399147133112
-0.62019759708142
-0.652097229985352
-0.824131594557753
-0.489619487260278
0.280614426683999
0.673190700346402
0.0748596636040445
-0.770902352419267
-0.593570900552251
0.400192030121543
1.06604440781003
0.478696931590804
0.278142070597879
0.806466388898551
1.36526055695136
0.317994180571511
-1.4596927797601
-2.01758500857972
-0.446956531616066
1.37483021421294
1.46540093326943
0.266220986578953
-0.61201916586562
-0.306037095630709
1.22174784963418
2.29940748797055
1.80611798070082
0.103186782753107
-1.07505082451576
-1.06772200470448
-0.135089813680198
0.327867375158983
-0.237165153161568
-0.941309942249337
-1.20300783521914
-0.778204127809437
-0.365129964722866
-0.244010561874621
0.102341101850699
0.60502237538034
0.610529586275987
-0.0104471568527119
-0.603910648796657
-0.46389554758947
0.0686098542997593
0.748812932528103
0.936572552705775
0.940654959537412
0.304082334427889
-0.442260816314976
-0.90755655354554
-0.764932081835661
-0.0934270040923436
0.794843742579799
1.28517149972037
1.19830395000401
0.906269201324351
0.720046118485641
0.321311281930562
0.229876660295792
-0.0576292809136564
-0.162880711532869
0.0315595623849397
-0.202279053212428
-0.665630749177399
-1.59449665702645
-1.40598621029388
-0.223758735243937
1.22125967482349
1.68692716899179
0.487819082930547
-1.02412246314761
-1.39313460389901
-0.110536907697394
1.78735875328946
2.15116533229697
1.26798512492947
0.182801480548055
-0.0457188910383344
0.147449934076445
-0.209126763019138
-0.376694803090508
0.0344770322273803
0.855787249599004
1.28353919162494
0.667154668140266
-0.0528286628839428
-0.130808658536742
0.381241197908712
0.448639700983542
0.112874309223026
0.187777376575933
0.775121705331805
1.12534404930691
0.738176359091818
-0.0721213409006244
-0.40389060564419
0.173271024797289
0.854136761081685
1.18921054424609
0.817799069000578
0.414938371065095
0.139668017970235
0.254137187847634
0.264119404092238
0.472213318814915
0.78701108588595
0.933922224638198
0.718714328919988
-0.0766819380944129
-0.644514065565542
-0.787110809287985
-0.547834742465216
-0.210533779965973
-0.064113276529996
-0.311021291842847
-0.487255725445773
-0.450094226408364
-0.348230714724221
-0.117643183060931
-0.128883025941482
-0.407381268086072
-0.391249604529804
-0.124651090174563
-0.218128511814367
-0.724742903513059
-1.04197723693663
-0.980779588021644
-0.563212888413794
-0.0948590460417214
0.256348842556364
0.809821394860871
1.29210339254125
0.99642883246437
0.605755206394018
0.161297212611063
-0.00404562490903004
-0.190084484357923
-0.706724931248996
-0.874682164675071
-0.323622035644182
0.789875371176062
1.01549755438005
0.255438903936577
-0.953160390701543
-1.48047412530353
-0.894931553634196
0.00674051545606301
0.446544531117648
0.386572077274813
0.180470535492099
0.315198702650318
0.821497223129802
0.860738129968003
0.457413267611446
-0.116321165073765
-0.570195628451983
-0.323920943695485
0.0193943550725115
-0.217890323303157
-0.902004858236062
-1.19243158630561
-0.504221303528237
0.60369541534317
1.00291871879306
0.231839568693941
-0.700718597050255
-0.762425194899036
-0.540274738031463
-0.394554088570465
-0.33782522370136
-0.288789596159259
0.281446145360166
0.469659070161381
0.141885855666531
-0.573656333775967
-0.200588555328627
0.505744862043656
0.870430388655611
0.616596851612422
-0.300100721171182
-1.23712133060304
-1.47532031069037
-1.0504948538889
-0.136327303319816
0.847175822706819
0.796527638285296
0.302056620292834
-0.107604429069657
-0.0944279824790772
0.159057651590821
0.666663607800713
0.728796868921746
0.961841541143161
0.839887460839357
0.0237195300135584
-0.686329601300525
-0.978866830424576
-0.635811335289908
-0.381989332030592
-0.475918672804427
-0.673363385764799
-0.255676796672678
0.208687447875858
0.0218188104416067
-0.383086497579892
-0.69180717749706
-0.564963934929932
0.15119690766406
0.741367654461218
1.18076240071831
1.04883974771937
0.0532909883298703
-0.36405204880359
-0.0653324166679669
0.894854011850691
1.57284410215971
1.0692748937398
0.131893579977479
-0.199518312022311
0.161608631920303
0.696302829143779
0.771656456572465
0.743870796605008
0.409127663041431
0.268954769837036
0.275972882825443
0.0332193297672268
0.431903472201511
0.567828881274984
0.425552333179851
0.0532827277415914
-0.393018398393677
-0.56938346471982
-0.546233057377482
-0.548105381828202
-0.152404951367388
0.340481379904297
0.900603192789327
0.993855042046055
0.627784512642777
0.102927781528731
-0.814213801128717
-0.488033911062072
-0.0015190029522201
0.820206871783361
1.26108507324102
0.871761830634278
-0.351344626797448
-1.65576958384615
-2.15188474480627
-1.28973144470117
0.209535136204791
0.689865251825372
-0.3283592508029
-1.48062856664034
-1.53668099398915
-0.428999285387127
0.628723265343587
-0.104301508624518
-1.2985669563406
-1.32249369932806
-0.124845519653066
0.723466732590143
0.317770847996472
-0.422891848927829
-0.425617326754447
0.05231263905446
0.116978320275043
-0.21136996754711
0.240189332908845
1.20684448942702
1.95275145022779
1.52097257744654
0.0248950190513911
-0.830866135589062
-0.453656917453971
0.375373464705429
0.634051481594811
0.248239413028133
-0.403671267034908
-0.682827751674015
-0.556218063760396
-0.657630474976774
-1.15192328474547
-1.64991649897918
-1.63622051366417
-0.65846955339995
0.447711241228419
1.13514177004755
0.597763698712015
0.0224335264319542
-0.105602440205534
0.265660275640017
0.459711303484674
0.39788331251952
-0.146416423217475
-0.607081910475177
-0.593756521167474
0.0729274961893979
0.736669482004964
0.966532333239492
0.706839155777866
0.102754715213814
0.111336193133594
0.33250731353938
0.58974351887816
0.112940775855859
-0.129442714055862
0.212331772712387
0.844368696770317
0.469009946191552
-0.548115398295601
-1.22174659943924
-0.72180567406042
0.381920994587271
1.01446917794584
0.315650506242328
-0.568873643900085
-0.825252615156785
-0.334883239858848
-0.17071825034665
-0.397552901172665
-0.28593462959335
0.357678517703854
0.819017607592719
0.732681219189707
0.302130657279381
0.0550094637623968
0.2601647575361
0.391555021561409
0.215513555253626
0.299763976681034
1.06862422446098
1.6032675574298
1.14367238609644
0.393952738273456
0.298100376224906
1.32294229950222
1.64438305989444
0.28732878426599
-1.12961464685156
-0.971969791177168
0.610856521531121
1.86392429228171
1.71392042070814
0.800887094645215
0.523262910628976
1.05824730360314
1.30778614625478
0.659091351992311
-0.262859271771942
-0.534961216590664
0.137962834326516
0.639999249893242
0.730836445615409
0.699348794823519
0.961747732359438
1.39111245339279
1.16245643670348
0.400748622038944
-0.278284755711827
-0.358268391765811
0.0697982367293054
0.286090618098577
-0.0434485019600432
-0.177490746396082
-0.136828820689243
0.0447148591758909
-0.0178149173405988
-0.0470773219029613
0.249254568205731
0.739812462243444
0.933778225243337
0.551268580661281
0.579989558662608
0.81009654457429
0.983296770138241
0.329997392796622
-0.558475801849501
-1.16076871419083
-0.445458413152855
0.689630911156465
1.00250942381141
-0.258862258145599
-1.75945987043295
-2.22825010850203
-1.63808334179011
-0.468659960583745
0.138135550581349
0.280776556814244
0.133438071431505
0.425935012544155
0.342709216201129
0.480544813626846
0.415119011709834
0.629631359470676
0.886732451474233
1.15207033439447
1.07360995876048
0.76961262468379
0.29573103982733
0.0718479969125354
0.298907867783812
0.517305713853734
0.537815043160911
0.333951582869538
-0.0454472721717411
-0.544252485345801
-0.825117760706974
-1.27790523278004
-1.30857981982682
-1.21831348590137
-0.799939822010397
-0.824496173863312
-0.794601039915703
-0.420193647773628
0.300510437660092
0.834156903525968
0.778910197069131
-0.0850614421451272
-1.12925875021519
-1.55655659033544
-1.23304741588334
-0.774915293263894
-0.685240071870431
-0.719398772094507
-1.17171021447304
-1.1422862427949
-0.839524741578889
-0.531560854561078
-0.347319271147746
-0.0263306843026555
0.228507333108663
0.459584470035796
0.0787321288874416
-0.314690956453168
-0.0778996391441118
0.572553049063093
1.11178689625093
0.567495006468171
-0.645467948999343
-1.44206284811573
-1.1103757968201
-0.264856682503406
0.108758317237975
0.22762117397607
0.0156947607720377
-0.275721185992126
-0.53056086836097
-0.45659112947701
0.376995351369767
1.19865285912885
1.01554213115859
0.0452515145045451
-0.979478434614496
-1.03872472879489
-0.341716872855657
0.0313851251560212
-0.396011537216978
-0.934754243415002
-1.09818070546485
-1.03755284363326
-0.714272448895375
-0.569778168622461
-0.472608587317035
-0.148336743274528
0.351626843260776
0.82540461551361
0.863054623398265
0.119249920033873
-0.567742881444097
-0.59212449428975
0.132819286423566
0.650293354232163
0.315071953400772
-0.51494606348924
-0.939391406178971
-0.565960586203535
-0.042035617712913
0.0753726275815329
0.212985240731341
0.341306188473746
0.541931112003739
0.276110453840186
-0.467985078725557
-0.820628314146798
-1.02137193743977
-1.02843840140571
-1.30539011317086
-0.948234727867236
0.0754407026559519
0.537188345764371
0.325488060098692
-0.12595686902629
0.239598889841171
1.64489983561624
2.84433698870815
2.64856307022641
1.19782824839673
-0.425266686991668
-0.514019167951233
0.126507836031004
0.942965931631302
0.898262290884816
0.503126286750618
-0.163131243820061
-0.9032552064035
-0.890466960339249
-0.719554979206443
-0.367457339541933
-0.384437660302488
-0.640961728299816
-0.830303050481789
-0.573584997366036
-0.218632494755288
-0.121349501725287
-0.714952836234177
-0.782032290033073
-0.526077208588794
-0.301017934595325
-0.688626312540223
-1.24044604593818
-1.04869523147847
-0.436644845892472
0.124446958165461
-0.0747053009871053
-0.152503290935007
0.0250701612036135
0.287773585970605
-0.101917256427818
-0.388244443533297
0.0153551832924162
1.17600886387381
1.37716632394449
0.891057138596129
0.147273084402361
0.326004396972427
0.373909721419624
0.00524703217766925
-0.736469384581916
-0.885552856483093
-0.0883268248508307
0.645473346127895
0.712294587027266
-0.176816481786187
-0.961699445065213
-1.10726935224783
-0.780289280612035
-0.113421363380183
0.538362036663384
0.399141518360343
0.205567833192858
-0.0413514892748256
0.438190506239025
0.625438806260027
0.156337868589811
-0.32470695317341
-0.492825352286559
-0.298232248553893
0.0479316399002825
0.197415230105603
0.0692942652771946
-0.10207458448245
0.13464158129658
0.379453989778075
0.267319779238961
0.200078292966388
0.15180133622401
0.240711826162001
0.184669919215335
0.139871384137398
0.068333664472855
0.0574058128709204
0.198518806177813
0.805403075146478
1.2718744671526
1.06561534981068
0.323967837563266
-0.457779278112062
-0.941105976084225
-0.69151751386408
-0.280319395868694
0.203384531697121
0.479736024932631
0.680878287690028
0.926829266854458
0.498555944142092
-0.0245946302986113
-0.287383791061838
-0.182123645355268
-0.119466004386735
-0.109330051071904
-0.247170325434004
-0.321038224977111
-0.197783432579996
0.162701637092208
0.524876875658777
0.79377937745254
0.34839347493637
-0.538206630870227
-0.854942005811203
-0.942288215511575
-0.476114641523645
0.115639399668314
0.427914663225932
0.128204740887768
-0.081647596874341
-0.129250774255204
-0.151395346122673
-0.120629948030646
-0.391175532327155
-0.245292145871158
-0.0998497690277657
0.299560575998795
0.672785107558942
0.940474497419998
0.515682017321965
0.153263419393019
-0.0109654361835591
-0.0624079919303457
-0.412637820806176
-0.146665958818129
0.712418889503314
1.35924005197298
1.55287957173063
0.99789602372863
0.32511810249928
-0.0830793602250693
0.0540446497257373
0.0523670385251108
0.00633100011818687
0.445418358169225
0.701536096472732
0.410675545729661
-0.483155558350008
-1.10166124474129
-0.528027597512834
0.106952340547848
-0.276715153990598
-0.681716229863921
-0.553234401282246
0.204085619068659
0.890676908552922
0.813975514666493
0.14317511367195
-0.0834006183772643
0.223498726632331
0.273392399333647
-0.168046974301693
-0.768418643165077
-0.946883188032251
-0.527452575342085
0.108038687705679
0.156133583620146
0.289302185391326
0.0551230470753965
-0.0913693527308181
-0.377964785604693
-0.462785776504937
-0.335393334062106
-0.283076378969453
-0.359318572472618
-0.681227595253314
-0.635005143889416
-0.211636022256247
0.147336585461776
-0.162723885806485
-0.357154188243169
-0.341090759658573
-0.0573959037580863
-0.22645573679195
-0.733994263962195
-1.11757684075967
-0.815778772110131
-0.316883849474101
-0.0383731814818139
0.191443872275647
-0.00773112991333884
-0.0544506252761447
0.0388997873261245
0.0935506390505367
-0.237515562076293
-0.500823177490724
-0.226231858301758
0.131405006438283
0.471733070262557
0.436805342858781
0.242012813371612
-0.281149425532302
-1.03444025717473
-1.66596344585942
-1.39467786467104
-0.58224157803577
-0.0854566782072841
-0.093642149622786
-0.766972368562149
-0.897665464030234
-0.521757098273329
-0.38203141660021
-0.836489722514959
-0.861388797074437
-0.273435788102557
0.150268408436533
-0.638191471963759
-1.59002886019413
-1.74640455362744
-0.492903376951553
1.18762095760828
1.72189816482251
0.989401231716922
-0.39720447330571
-0.683215707778334
-0.350321973046888
-0.0851922704312626
-0.736492239118489
-1.37767424187671
-1.5829422192822
-1.31568223629492
-1.19085893858665
-0.760837209311754
0.121988971943598
0.936541247192532
1.2435130032405
0.416986056143041
-0.509261456814075
-0.797871561696847
-0.603369655992885
-0.187065388539589
0.142123052937795
-0.192936503426582
-0.376113926405487
-0.373373109441978
0.273249771335646
1.13794157493498
1.48872056435519
0.937785616203546
0.116418445072093
0.216311887782374
0.87936704088505
1.07629300857765
0.0834984408130767
-1.08110576540798
-1.04488269295594
-0.228614780849826
0.0686375325957742
-0.14339637656951
-0.778666621052462
-0.21370811849173
0.520344457705935
0.621522510326491
-0.384716285461826
-1.36250820527714
-1.39994376982899
-0.600297065158057
-0.102174615959604
-0.331245113858946
-0.583163063000483
-0.230864525433661
0.63697146169871
0.905658624934918
0.32272741518261
-0.64912702569844
-0.79412991260389
0.0427166932946784
1.09961177972681
1.18612030441989
0.528151042754479
-0.086204974209945
-0.108746541430934
0.367420792574444
0.571870823458228
0.282013084496165
-0.387970722327094
-1.00045939724397
-1.23176970628377
-0.948655267412012
-0.151610661934443
0.0571694130571345
0.00565290584564358
-0.542933812992905
-0.779022239380442
-0.449095291008274
0.0345777512671064
0.0831738784056737
-0.0561209632130196
-0.112157707850148
0.5618270763274
0.9260574012193
0.639493341481835
-0.146076899276791
-0.90269195660694
-0.755511379667171
-0.577105782704683
-0.637929106276469
-0.713733023287698
-0.453211493881329
0.0291363116770062
0.112611537297672
-0.397749950098716
-0.752044133332312
-0.450794947980947
0.311218949332852
0.510226849863235
-0.0134911074361237
-0.0794820180112091
-0.157878639302591
0.253205979724535
0.125805741836597
-0.41150558946698
-0.597419501821899
-0.158367884501058
0.50308333270194
0.698236504562446
0.239831679616131
-0.218559183284312
0.169275373912616
0.805962235103241
1.30641021857224
1.00520962052002
0.975146306975929
0.793329024183931
1.30373788404152
0.826297102207665
-0.379585061644214
-1.10562880178175
-0.656986633004591
0.666433243010123
1.46621218758763
1.13160179174531
0.247582568164156
0.125748832790294
0.109970403101573
0.189462470314699
0.226828186704265
0.391241510598097
1.04049531277383
1.42997720328615
1.02299437786719
0.49406265781113
0.435655518935973
0.223064432657587
0.226297591331316
-0.118398337630707
-0.322584653069372
-0.775556146553528
-1.23410707786916
-1.43132804559602
-0.744770095403435
0.028154388119751
-0.0674625256138122
-0.499591656514883
-0.836386058669767
-0.362904918713084
-0.0520069439461507
0.366772705363365
0.357737244291387
0.708689406631196
0.461919446513891
-0.0569709221277325
-0.448804718014683
0.0850061062390744
1.15077678893577
1.78293729159964
1.36763602678151
0.528533353027488
-0.0568822918933647
-0.149122546766129
0.366781995600834
0.852637984049087
1.24246687287624
0.663444630792949
0.108725858552035
-0.097887270691666
0.264281320626685
0.223641774306651
-0.119697542619512
-0.630883595271438
-0.802529377604794
-1.15652513490163
-1.3570165655296
-1.21786288185241
-0.877358182480146
-0.540785194455457
-0.302463134429739
0.112260590204804
0.367934331042719
0.375906926495274
-0.223587902337991
-0.386501715430368
0.374141471436374
1.4402107193664
1.33021975272772
0.287142762883059
-0.594078663038038
-0.0553581594699943
1.08814767633495
1.22927224161724
0.769689360228912
0.198114198348699
-0.374600843545681
-0.755819508522668
-0.687778779486215
-0.524528031261875
-0.210693840502397
-0.308116793501327
-0.709205356751688
-0.397967443525699
0.927521915023325
1.69654163033299
1.40027729110703
0.401345071778877
-0.348575970351054
0.118927160063033
0.727852791197759
0.644737622291944
-0.167240875609474
-0.790299844993544
-0.808745702787005
-0.349736878445243
-0.0420601103184648
0.2264156019073
0.160416990959318
-0.037970378672051
-0.527893099128114
-0.372502873640742
0.0832420796507631
0.737828824397552
1.24329746856386
1.10840731250114
0.694050096324781
0.222009278077232
-0.187010026281446
-0.542544910249428
-0.357061490874912
-0.276835314797495
-0.171599630236921
-0.577805566662524
-0.95594010153163
-0.995829739145115
-0.720088190694679
-0.747297830235805
-0.72459984271214
-0.383479713611413
-0.0570383538446805
0.370325946396007
0.663807677135198
0.429153558141529
0.121604389941066
0.0548475722883728
-0.0586568010590223
0.449463556368109
1.00401360037522
1.07095499270387
0.737126371553898
0.627290730765945
0.381812369225263
0.714172378985418
1.20891262536118
0.856823735212868
0.368120389271127
-0.137125872551806
-0.0952885170531078
0.548659227073846
0.921061413193932
0.26022663141694
-1.01925218427639
-1.54410568947762
-0.798039349216593
0.703829537398812
1.47609667871172
0.546181245526773
-0.548015184599721
-0.729957551284786
0.0497543708218209
0.991218357103183
0.849371738317587
-0.0329476020912375
-0.23114733384163
0.0416780406882641
0.120834816728647
0.0437369850957865
-0.187562724233696
0.118330062903732
0.897583906041031
0.947679672302583
0.441885554639545
0.252771530071156
0.186593672155626
0.271049915274625
-0.123757014572492
-0.432077541053561
-0.965364012995397
-0.658952576857659
-0.252624874474206
-0.0320694830986809
-0.0402366547433154
-0.764001133657821
-0.577861689071186
0.652699576228786
1.59971159618317
1.77311665329043
1.09089377315042
0.107135413795621
-0.263950480185696
-0.724115669811508
-0.783741433758112
-0.914650623024494
-0.54707242176662
-0.0533943974913237
0.332217106155883
0.59936243966544
0.409366342606717
0.38737763462139
0.460380408499517
0.194094666146266
0.204982540575862
-0.258530412399945
-0.951538498459387
-0.876208470462208
-0.410309066276115
0.549996794554518
0.760910769463669
0.347765775433377
0.446487078480121
0.687992181930584
0.969450850293282
0.550811953415667
0.0346717873279039
-0.394815328514615
-0.126401805094035
0.696630598951118
0.915677974292171
0.0424751535836405
-0.816027181168348
-1.44345495887244
-0.942925492989927
-0.0173612940463097
0.549580696361777
0.686795901571611
0.196286466646802
0.0679136952227065
0.131641349203123
0.24133672743487
0.674246858798001
1.14378321347897
1.02308708691572
0.316211668907274
-0.833030317120662
-0.94286448635027
-0.0608218362646123
1.00344311408424
1.15867516609967
0.147757154330125
-0.60276151124512
-0.69212021101267
-0.0517541369186777
0.0528184515275592
-0.524895835823099
-0.795174940015565
-0.876486235768262
-0.423184530157905
-0.000164995782999163
-0.0545062737537441
-0.619995528189632
-1.29707181714527
-1.39017167318124
-0.616370184068264
-0.283821313589106
-0.176832092895477
-0.234975711571243
0.36315305324376
1.25278354491959
1.40449571038137
0.343060244683876
-0.907123768143687
-0.990031218070418
0.0243656043707111
0.62370841310687
0.374338110747112
0.113452994920818
0.100629285584416
0.374550698826065
-0.179033310350896
-0.861553138901492
-1.0500978524595
-1.01407595745631
-0.779525371182892
-1.04186108461001
-1.23906286197166
-1.29469538745783
-1.3112749917024
-1.34934065886349
-0.982030791630065
0.354818289371408
1.0422125020414
0.474824296355535
-0.911071108020953
-1.73360531193925
-1.13536664135531
0.241288498135769
0.544883644399989
0.0571693330215399
-0.715927828924396
-0.35595912149317
0.500455141907383
1.53495830040154
1.62833611895899
1.20541191590941
0.510609588698887
-0.223541190876713
-0.167499744631376
0.266860559998878
0.711500270830417
0.717158038436975
0.446253835280784
0.0330644723475651
0.264185552357148
0.0316594566421006
-0.357633269318125
-1.26463162757241
-1.61254332471274
-1.05870468246448
0.0591868694248804
0.652535803175345
0.38082797562389
-0.253753685397614
-0.664421563959443
-0.442942715162559
0.214058836674841
0.602484716376376
0.178252734160917
0.00890866280577551
0.104675777241874
0.840851399222202
1.15303462577106
0.650836364471741
0.208103502746233
-0.277856867958078
-0.60945567184514
-0.996791985944161
-0.991500813052622
-0.530054211507774
0.839347369483952
1.48054745884688
1.13289328049921
0.108731449010429
-0.440754754481784
-0.308351807742739
0.0572907808626033
0.256537903593633
0.348230280566983
0.437607909608772
0.0989805384085059
-0.0164994503278559
0.462741984644693
1.07976718583826
1.12322244794057
0.543621427990251
-0.348262495953674
-0.583238329203084
-0.174061074504416
0.446345003088941
0.59147587389766
0.111459428235562
-0.104780455510882
-0.111740631225339
0.123297939273625
0.205780345123915
0.0300217207113958
-0.0273696229799249
-0.105816316886913
0.0985671929991265
0.112874803764058
0.115313085059136
-0.0607140391001423
0.0384412561308703
0.438013213855869
0.20900211363178
-0.237225780532975
-0.555108945609275
-0.541746139694168
-0.275060120486041
0.0918287919883575
0.0780797228747179
-0.152562338966606
-0.422381990916681
-0.292767401392121
0.147876842053895
0.381445410348011
0.0467563389892941
-0.656264429867155
-1.17095761751285
-1.21323830904914
-0.510176144148353
-0.00524767907568302
0.13053453135835
-0.42140162790531
-0.402381464549171
0.0959840383279569
0.276254947186184
-0.129075241625951
-0.86022555539354
-1.11307020674499
-0.531993622002161
0.247761238643018
0.693140008679034
0.612596414795486
0.662805392233898
0.858694793079272
0.876607362676622
0.243282547917389
-0.798806992616841
-1.2743269042231
-0.824516499712421
-0.203245282303242
0.0541643825219657
-0.562601192607635
-1.24710828101657
-0.784267187394257
0.205383025680233
0.607246650041205
-0.143979207449049
-1.17526380183417
-1.14128030644448
0.137892987675202
1.46781048544605
1.81903690971589
1.08407744310261
0.173586990876699
0.016437372555132
0.251569500165798
0.205309856435467
-0.0744910443287193
-0.48217502410813
-0.45584761346844
-0.310061130656418
0.245580263420364
0.237892581647263
-0.151072639303727
-0.426741554636564
-0.173775672509197
0.292873587530247
0.563012745396134
0.520260951709769
0.883855619090672
1.2617701886767
1.21853871351219
0.893021935764433
0.360188383396259
0.627771081841831
0.72319086788966
0.812365295826712
0.461203943675342
0.670018678169715
0.96178838612729
0.651885862396541
-0.0401767246632191
-0.179175947805634
-0.152208527179574
-0.0117296991116443
-0.11897997682933
0.0247827177351711
0.832610873771556
1.54935736704946
1.4961221497369
0.622874998437099
0.207541733244909
0.409464830470023
0.948122413007029
0.87991044134189
0.118430843091195
-0.355237114961234
-0.036718550854501
0.790730934983979
1.43117366806662
1.15509919384646
0.413219245503825
-0.0991749976393271
-0.0265848736884837
-0.151868022883953
-0.551306345804984
-0.899642863080101
-0.781366100836454
-0.265824182823825
0.0243797988573788
-0.0993456671756742
-0.262045017072746
-0.469290694275218
-0.49434305308723
-0.789105022991256
-0.661061798948287
-0.237255845021587
0.302678269461546
0.298352915322221
0.0241644763020514
0.174555678771941
0.668222943794685
0.837589897565294
0.156064741405831
-0.950730592734591
-1.23417314013342
-0.611909401859753
0.018572271976051
0.32372951713399
-0.0491545905352603
0.088603212212588
0.344963482185982
0.97748513788114
1.5199049168838
1.04175813800345
-0.242636570939066
-1.75820825368036
-1.79378333905517
-0.540295506179462
0.685776609302761
0.918601261751139
0.336422509784575
-0.124824447089887
0.00753998294621231
0.166984075487412
0.168541771948872
-0.387070513087874
-0.850434888185867
-0.690843824861894
-0.630699651501271
-0.118943559412061
0.0659140847236159
0.217888560484234
0.335108558888111
0.051804495631343
-0.390813952938895
-0.757208472147653
-0.947538905539072
-0.654847485350639
-0.34838258280253
-0.114415405208446
-0.23489303233604
-0.303642083487927
-0.385714967429407
-0.805629753251412
-0.727793745550978
-0.0751664514310426
0.871145696580976
1.09279792798403
0.107998271199367
-0.659989602218087
-0.397759408627107
0.500547453589438
1.17276536743955
0.340284100555406
-0.84777030206437
-1.068524272662
-0.0555981440987136
1.33894709445366
1.45509211173302
0.746080771636586
-0.330357745363468
-0.510225497427274
-0.0328029228926664
0.635357642230928
0.643363640840342
0.0077531761485952
-0.387661610278487
-0.418200049086165
-0.306520245004948
-0.280800328532882
0.086182304936419
0.427410302431216
0.731574301099115
0.120759603236533
-0.708376679278451
-1.11538697348499
-0.534690805032478
0.349513441727145
0.347183063189954
-0.260136658548135
-0.596200361853067
-0.305814767477185
0.214813125810261
0.390316451878655
0.270356110456772
-0.0762415548151043
-0.381678898019956
-0.138792794299319
0.500504838987665
0.842488317034468
0.435444340533923
-0.70264677259973
-0.909221998407572
-0.498635752788782
0.155837456754492
-0.128990860199467
-0.891436215677058
-1.12150210039595
-0.513813514137868
0.0255859006669253
-0.1243673101304
-0.75289149448799
-1.01447649815382
-0.778098589463193
-0.573485006543493
-0.544209264005679
-0.795139480911254
-0.59763786371965
-0.157806701126797
0.61451549067853
0.91039018788439
0.46923313185304
-0.294075175460108
-0.361171496290938
-0.0691332725880737
0.514548955975439
1.06777824183841
0.905342505867885
0.454322509577054
-0.305540104461667
-0.505072881580821
-0.0841940838295621
0.616660120730094
0.788525045898898
0.453252910152218
-0.143038775626751
-0.41276393163011
-0.492932643889882
-0.456295628424032
-0.281340294171975
0.458936193332913
1.4255357568661
1.04484823857311
0.177585942431791
-0.601279387707431
-0.111189795994423
0.740456642978336
1.61793811663214
1.41513270859761
0.854655766288476
0.299868636719493
0.0571461543063009
-0.266723282905317
-0.42413384803598
-0.278763095542537
0.292323038365328
0.523042254725914
0.274400205235191
-0.0712036608887683
-0.551232259558949
-0.705019660802189
-0.803119932639412
-0.272760683357604
-0.0554040470920249
0.198051848189053
-0.150201892031359
-0.455438477377555
-0.366737077249565
-0.04196518132009
0.541900679257285
0.779119929443884
0.967428704339857
1.01613156736091
0.859919476177008
0.495858753141884
0.144308416715386
-0.00824841607006457
0.0424943642017186
0.15710174475158
0.728879066989468
1.06057357180657
1.20382033767661
0.540752110540319
-0.374880979332549
-0.688722813780319
-0.549967662805497
-0.317994166187155
-0.335280609395833
0.0115325814716955
0.578039896432612
0.873375644952821
0.816915979538342
0.309578100935108
0.170316666321649
0.60122272237287
0.844701219651891
0.90178613865959
0.468183688115906
0.112337355116499
-0.319398972015872
-0.438294918712298
-0.651943420542778
-0.734332748909634
-0.961070663593646
-1.36800442839413
-1.16766192311004
-0.171964398723004
0.428562504007366
0.47277811968026
0.0320033850287542
-0.342397875955462
-0.408390839611175
-0.686232843634105
-0.794420551619676
-0.455929052883172
-0.0666375035606865
0.218139526432428
-0.276878051208896
-0.847071601854273
-0.759258405919421
-0.206259293934876
0.217427992977107
-0.0999967558275676
-0.206708899321042
0.0409954727177845
0.626892094694937
0.422676732033536
-0.500768111237833
-1.09101921380422
-0.951791664702718
-0.637183810538415
-0.192230074437651
-0.368185309331934
-0.273231870378314
-0.000823851751117301
0.322643425630931
0.458415740573661
0.21012835061306
-0.0826269515160983
-0.453265471146008
-0.370138272361126
-0.25417815206348
0.0659927735244916
-0.13782503879652
-0.594228015625637
-0.524134490621104
0.119675466773187
0.721199552127057
0.956105710088705
0.361041284461965
-0.193791110646108
-0.711487611220019
-1.12195804471861
-1.04955883854238
-0.385077650260756
0.254362673414671
0.0964792304807561
-0.697343364288615
-1.64718074435867
-1.41143115153585
-0.238629220900073
0.773887275058803
0.726596852963998
0.141099751643881
-0.635600718494656
-0.602352987156095
0.116151397678278
0.510640219845882
0.172187200368274
-0.585399863397277
-1.15447315526266
-0.700913098305126
0.132762865060448
0.334976223992886
-0.0114414140982297
-0.632996760857353
-0.27840964910582
0.582333733332338
1.18019835230399
1.18714105568567
0.495796670725237
0.16842629067543
-0.00621525071276717
0.0678115314512982
0.186887977806447
0.37199877736307
0.568099000993279
0.625750339672992
0.352310002713908
0.340898951420302
0.326375324230804
0.843408251695152
0.954727151510654
0.368733921702737
-0.221785251827843
-0.827453222479704
-0.13223670218879
0.563357661087222
0.733150279939384
0.266996113712244
-0.325822567291333
-0.802411892296525
-0.983426173449105
-0.848148839089503
-0.325386232415607
-0.187499439132851
-0.415962182049383
-1.03565803336533
-0.811436294884874
0.23518420940935
0.746476219992305
0.311425615835948
-1.09060724820073
-1.18034710999408
-0.263673744530684
0.424558509201963
0.0689989442689702
-0.76406634447046
-0.717921743124644
-0.0536482143368821
0.552028344101893
0.663262321082803
0.364484598868739
0.150298487486333
-0.420875387357845
-0.624389739799507
-0.120573248747107
0.372772951855378
0.700912328258659
-0.00582389769407539
-0.627211405168356
-0.489738858650086
0.118126475436515
0.547001307546404
0.351378628140307
0.0668930773107827
0.386923157021343
