-0.53824389372927
0.867232157629573
0.975986463472539
0.337390252379212
-0.996094096614954
-0.523214031686441
-1.29744747716739
0.917388589145936
0.176601628617548
0.755179935677488
-0.59149995977194
1.8443896370005
1.81692224917996
-0.123833350279246
-1.11060135506064
-0.680905880267246
0.0141693263976365
-0.0595506104590645
-0.661011014460339
0.305950915068987
-0.409057845790514
-1.28185482288483
-0.284902829463086
-0.0647868558912201
1.00038318883897
-0.801329298311214
0.091800015251789
0.273804791937703
-2.13346755941796
0.403977280549421
-0.958499409348658
-0.32631685186638
2.47869562960417
1.53907605207252
0.827010895905097
-0.159587225887655
-0.857721749082919
0.398353966412541
-0.224808842543658
-1.31466764372294
-0.0217968659454919
-0.880060340994455
1.10864047285719
-0.464138260934647
0.664569191381248
-0.530138118218163
0.0409093298705648
0.155053909137248
-0.32108498156235
2.14581467110403
0.800406557251387
1.19627158436105
2.0975463826554
0.387715015355403
1.04531820149439
-1.37182634331461
-0.958407155630495
-2.66893995964064
-0.802685181898918
-0.451015946622726
-0.7365815439613
1.11470395551256
-0.853350030270219
-0.758751858520414
0.0979780009918097
-0.849622935721587
0.560702646652564
-0.347497788988405
1.37085769842047
0.741022682423452
-0.712880360882819
0.804723284779436
0.977625707059815
0.939567788016473
-2.26291596807589
-0.513685396875392
-1.98947254185437
1.67818285719727
0.358694482607439
-0.253333921968024
-1.14686798638321
-0.700882491251296
-0.645443402756519
0.781876462138827
0.315663719643741
1.27441744657197
-0.0745095959261716
-2.30361387199798
0.985569728739143
1.02357768317424
0.131568779053271
0.602055509332389
-0.00681431724965029
0.0880456705175576
-0.114973425347391
-1.36158512798292
-0.786771086837223
-2.33684047489782
0.407821702597243
-0.613618141607385
0.0327600044046901
0.704108219401002
-0.864671796633467
-0.288694540619273
0.512766777795246
-1.49754619339302
-1.45278712437121
-0.800135406696395
-1.64420895521402
1.5137701309458
0.729055428790949
0.208807575556537
1.08561449215958
0.628625771826253
-0.874099783193395
1.91782760523605
0.0974820398580459
0.506976331283341
1.0247568787838
-0.927898960412729
-0.889210175360405
-0.98322848877503
-0.031378913046565
0.868759605076553
-0.914811405706496
0.0343241633090398
-0.250252567677206
-1.05756443524668
-0.861316074176967
-0.353554441444606
0.829507285110628
-0.368743629460996
0.0615808684813207
0.558035639184526
-0.176380297891363
1.04824133432793
1.01378309498869
-0.948769757301631
-0.0107039716788895
-0.351498452675248
-1.68287352122561
-1.0493301158414
0.68979276469777
0.00743548144804898
-0.456974371451583
-0.563648099739148
1.45672015097503
-0.978299552906749
-1.12922001736897
-0.0305424789211838
1.58477792765597
-0.878377552722744
0.241217620109577
0.687476006300218
-0.567287651329703
0.988950528388495
-0.393506613317878
0.853260147001911
0.365243431957461
0.158249771684603
-1.76652124399765
0.598082461777622
-0.557637080698612
-1.19822944754792
-2.14733189828438
0.225214156533584
0.370343979643724
-1.88058604425109
0.0529410331478111
-0.700169944756301
0.217485300631106
-1.77970819380185
0.519713174345594
-0.355512858143334
1.98459625982925
-1.34988477915075
-0.635140967472916
-0.787947140238094
1.36811789648466
1.44231520380026
-0.51233904989785
0.302388635035836
2.04581357952002
0.173263228443835
0.0663163273418185
-2.01910647364834
-2.42397089089495
1.3017604029858
1.94336573904239
0.26054748427973
-0.37170643344615
-0.578901752628093
1.03836726426488
1.85688448890765
1.0639795553835
1.37654456054497
0.656438519750231
-2.25057935229109
-1.43741702572861
1.47784932442317
0.357831679317168
-1.29633915855842
-2.17810576082406
1.00832391357152
-1.14998431038991
-0.816887378315131
0.147668047014966
0.555686139472935
1.11057931712304
-0.52587490076963
0.173303378021878
-0.803265140227791
-0.332998529872734
0.644392128927763
0.603449654969781
1.37069702543794
0.379584441140277
0.220050914920951
-1.26426794857556
-0.471998917572077
-0.518217942397427
-0.871790465572623
2.97796967934713
-0.323924125187571
1.98381455196446
0.374486863642499
0.754715999215198
0.00953032428255979
0.28516161681611
-0.035409822336457
-0.645046548541017
0.683080415612989
-0.73083053517833
-1.97269049690883
0.165064001821138
-2.35977390368803
1.3109020936946
1.04819504012533
2.02679948685116
-0.526042683233543
-2.73561314916612
1.06718782502726
-0.234349981932553
1.55566878181546
2.91884868590208
0.485577138614901
-0.495035643006802
-0.224922373279924
0.795611972392613
-0.554743835012003
-0.872956223091584
0.154607289065804
2.00432601443849
1.05092147466669
0.0945124929850221
-0.821169179568681
0.426449808326066
1.26785428606421
-0.799688725619154
0.0433705028510339
0.929840132264837
1.11277872999071
0.336577426316382
0.784233574962266
-0.458509450989675
-0.488390227707204
0.866888594149541
0.689033535651251
1.27679078125354
0.579083776824818
0.00649181625303869
0.00536445374691661
0.588829166607788
0.202301289174387
0.549733387923458
0.345850711593785
1.90535183107298
-0.15793656299804
-0.418310189838589
-1.16487660323299
0.291517996871405
-1.15623462181051
-0.0619906563642671
0.275021643443159
-0.970003076683569
0.427273702468709
-1.036225080972
-0.490327378626487
0.772407518754239
-0.448448066277712
-0.924067878081787
0.0994412940561283
0.61567432096698
-1.69291286972971
0.360801132868223
-1.89479691358699
-0.884971982306773
0.0870231425909028
0.156002879299602
0.237422679481255
0.381843379934588
2.88160578878547
0.0634121626402054
-0.194447501689397
0.807421964907951
-0.651360913054659
-0.246120168418615
-0.930381900766088
-0.921244191483023
0.648320186238937
0.950461754125309
0.742569195359992
-0.112333302955812
-1.6920583704636
-0.990286030903814
-0.540032005750123
0.0737471297057108
0.41291008890187
0.866966911514011
-0.78855890100487
1.4277221896702
0.870840640685514
0.155216507116136
0.442449659026653
-0.094006298588227
-0.83383694573125
-0.262126251485049
0.41993161609303
-1.22990364964736
-0.566206246906539
-0.680139491824412
-1.11249603819531
2.23790110513899
0.384937265020885
-0.0210942531635355
-1.65995361334589
-0.0365165909427722
-0.0675507015240772
-0.963847661909359
-0.240079239402883
-0.118671663306282
0.646656964454857
0.659993339340848
-1.01697048297215
-0.0940709608653542
0.674738696405705
0.00967303255464373
1.14840464845555
0.598700851930776
-1.17740260384528
-2.37127129680755
0.786423294014902
-2.25458534323848
0.306053057448268
1.90768948338561
0.282284430108373
-0.372803507008662
0.23916391027191
-0.182760748430948
0.20285268287177
1.56184280566077
-0.506488689811792
1.67384794945066
0.819856065314752
-0.698091510216459
-0.884688607117032
-1.05982946270656
-0.510597873963454
0.461000237188119
-1.56299553972525
-0.485442327647177
1.29547616389816
-1.2074170610022
0.703338429587073
-0.666899503216412
-1.45313654567115
0.503646523679537
0.69782155783141
0.414578803499923
0.655570895818974
1.80789857627263
-0.708222232902999
-0.908187207969487
0.831911063686131
1.02724793805103
1.95133344481205
-0.145850767510381
-0.282466748952372
0.929344979014171
-0.753393128992499
1.4177339498838
0.774970377759499
-0.266724069140604
1.00711728941701
0.546531086924126
-1.0536018105074
1.28565237896049
0.0161283885232263
0.879826292912268
-0.428327118197787
0.601569802848239
-0.133202759555394
-2.83139012935974
1.86291125187576
-1.05186351485382
-1.03249203908156
1.68329738464229
1.35930296700702
0.224509573187313
0.188055841353827
-0.0760312197761092
-0.713200140898015
-0.559103030821002
0.354415703758752
1.40871479897015
1.23261374749867
0.465664923368137
-2.19155607775189
-0.0344103011127862
-3.23349590855888
0.0611084439250555
-0.233659624454805
1.25434467264194
-0.57487539736282
-2.28121089167067
-1.35274631641278
1.18836129708227
0.559463910729511
-1.81258550464411
-1.17652965542515
0.419159035950979
-1.16289581183838
1.59394752133185
0.364067958416261
-1.30833151314997
-0.885083377863737
1.63616081420998
-0.591421948859198
-0.627817925242821
0.671614500992337
2.28027142115767
1.65497637282695
0.648647347863333
-0.479254421446408
-1.25641305995236
0.735752226317217
0.225208225414124
-0.166121504882295
1.01246243374448
-1.11028640375434
-0.0162770098892627
-1.34313604566617
-0.104474776493896
-1.78121235745043
-1.58078517048552
-1.7008174358848
0.601745362607563
0.9242333653385
0.179001756866228
1.26417927205467
-0.375779579710874
-0.305665540245543
1.17213038874356
-0.78931531662663
2.00732406412188
-3.07136743825295
1.53989272114924
-1.12564535465239
0.443820908861976
0.145880479203957
2.57417391968872
-0.940666510470174
0.205848780285559
0.645542437161562
0.0428562331900463
0.267865649110639
0.463168468253017
-0.332227799375934
0.487568962289662
0.226100697216229
1.60313368450602
-2.35420227971158
-1.26783811498578
0.555714985814686
1.05702580034404
-0.0694073802729612
0.300970665306969
-0.416933584752257
-1.12711427314779
-0.0978353937939265
-0.310393631668244
0.189549569933783
-1.09819669431273
1.06102874777359
1.42097829319512
0.201896404379247
0.0833523964660988
-0.528646140953291
1.08225486196714
0.421247986899488
-0.576377905631751
0.565245050624625
1.76278560310784
1.25441113512015
0.758905429562751
0.592233833023117
-0.116620142226515
2.08663267346005
1.19454221513666
-0.843810858413983
-1.31454367443083
-0.519712229259482
0.932631202291461
3.23575199581149
0.381363805220509
-0.322605988923979
2.1121477617462
1.13565749471019
0.43759144954646
-0.0331795973447039
-0.145520518225333
-0.169999681774007
-0.610221377184189
1.38801095038036
0.999326847354555
0.187164404020766
1.06050368804735
1.81868971918449
0.928221920349236
-0.546291208627024
-0.100028679388191
-0.818476082110746
1.04194586437014
0.216440543110237
-1.30849438255262
0.70210056805773
0.138119505981695
-0.321377525670468
-0.338151328649827
0.526847271418382
0.060713258338558
1.22400310505907
0.0485604499205026
1.54977154493335
0.309219748564283
0.0884144333241106
1.60792457877275
-0.32866918431288
-1.09909888468654
-1.32044024967506
1.07856066800787
0.4311030473518
0.888857758859893
-1.45244454466837
-1.27559093117415
-3.05631929406856
-0.517502645931778
0.320832349469734
-0.353139145912052
-0.0922103777316731
1.59342694098017
-0.493054583476116
0.0406977131065098
1.45742927704235
-0.246254139781572
0.38655133076095
1.38507335732403
1.92851864765759
-1.03617706174878
1.94933549005329
-0.032694219298795
-0.312684627384542
-0.0463676922589162
1.68393056982519
-0.0187970597223232
-0.349095565445412
0.448515198558435
-0.658137497807693
-1.36044734640556
-1.08959313691902
-1.25589817093212
-0.952149566787416
-1.38052141939591
0.271061079088756
-1.21595903712084
-0.428342375298072
1.90120618223624
-0.0813727695008974
1.03333732178141
-1.13014353679381
-0.646559636141203
-2.04170524230674
-0.843013965875173
-0.563790998025465
-0.329076783331313
-1.33640465697876
-1.2115932798508
-0.101472128967881
-1.45432348774387
-0.226548626964201
0.00851438745869706
0.46912926888191
-0.679410669634828
0.903202372251395
0.484629548964045
-1.30134337491421
0.679904103914904
1.11730560957932
0.436773029771741
0.848993356984064
-2.094934853968
-0.932281904996814
-0.682124060533034
-0.033230818344604
0.48581613220497
-0.418656748274568
-0.147050722673069
0.312839022640034
-0.817867404892817
-0.422931357648227
0.804900483020164
1.81615193836044
0.0473103064619737
0.0313070522973757
-1.87050768180227
-0.135339381519215
0.0887808900694754
-0.397447546374975
-0.922165180302324
-0.236121013196325
-1.58633185316938
-0.813027331794765
-0.418657858256667
-0.553314021494847
-0.810628100303514
0.989094923230779
0.279810275246034
0.46093724770294
1.04951991331962
-0.00467827584634973
-1.39475804210181
0.148287562383857
0.28459677940306
0.832251692481196
-0.225889000792786
-0.988676400344275
-0.544675795468936
-0.687749825651897
0.505396721173597
0.154102966764218
-0.441881642603772
1.21218922783015
0.572439249941468
-0.150398030259641
-0.8367312086766
-0.907515769427455
-0.769772385932269
-1.56825487782028
-0.454757482570224
-0.936005728680626
-0.402989684888361
1.81305991508772
-0.504646863216083
0.020020374300622
-0.342492834960679
4.25317246551562
2.43145872273094
0.209197705457382
1.95539999528751
-0.736848414450487
-1.29755116475185
0.749937278918784
1.67780363897915
0.181286351683413
0.215062017220129
-0.999822964397295
0.54507232234143
-1.8643450680274
-0.685928880373532
-0.149612777249437
0.0304130711836774
-0.819126677270161
-1.49176120064085
0.458748015220023
-0.306674290816555
0.251663829686698
-1.85297162723939
-0.0464704390100925
0.111448658754683
-1.17770437634043
-0.477533197657021
-1.18787488580454
-1.41870001791288
0.983111754837712
-0.670202756262045
0.44959444220956
-0.423880619001864
0.0781339806635619
0.28592798549129
-0.0984482781022328
-0.378217231215605
-0.236555921783345
1.98518770015748
1.33334426195926
1.28443707518189
-2.01415360690911
1.59265232760558
0.886580762968776
-0.85053275763049
-2.30301725841748
0.94639518831884
0.0870764657949812
1.44503818587834
-1.61044327594049
1.20178775886409
-1.28647429299112
-1.50366874626215
-0.65162470012372
0.675425937377542
0.589434809071879
0.117597753709937
-0.343922646479263
1.2790354673265
-0.404014993111529
0.921039737573413
-0.236779409944234
-0.618119089945938
-0.131474363570841
-0.639845944939009
0.710397889265026
0.0091075547531841
-0.689176680276298
1.08224398231595
-0.370822131616045
0.0575614295340139
0.860336010085572
0.400223172705658
-1.08888640319305
1.10192040584918
0.508049689669994
-0.628293843238237
-0.669302185341102
1.41780027672267
0.367078690310026
0.134328938964559
1.31310417200154
2.25726762960882
-1.41774202268645
-0.726004364262479
-1.05809316020154
0.426062485670932
-0.943470213877992
0.271887166429257
0.80237175172562
1.54063083329053
-0.243716634725667
1.03045473968701
-1.03367038280316
1.01252633197597
-1.28476292117233
-0.316792318529719
0.957714208145303
-1.06078370109349
-0.747826712775042
0.926081854429662
0.165080797847262
0.484746402041735
0.641067163203733
0.166947430983151
-0.852401916913462
-0.689835644177537
-1.84298952758626
1.03448950785545
0.176506483489737
-0.279158449894797
-0.0888213006749562
1.56240388668815
-1.78110509121556
0.14896989298205
0.00895637701411149
0.247637511479686
-1.89988790408585
1.26719121536826
0.666891971111401
0.340113794473496
0.839497303073631
0.369702512939444
0.75215320319941
-1.44780011611137
0.201497554569552
0.141039431614417
-0.104360970285707
0.364906490405163
1.9848841807272
2.18660117998185
-0.0810670709501128
-0.83041973497001
0.899584580523007
0.657765476877319
-1.70561460087325
1.05434378006155
0.896002725678425
0.039872504358382
0.316140184488767
-0.26948060958644
-1.79558731399247
-0.333327556756486
1.28653556834442
-1.70848601135821
-0.267709725378878
-0.2839892071192
0.176973719391955
2.21105738939003
-0.455244265292763
-0.461681458810958
1.24018897916496
-0.162022431191476
-0.28058545368443
-0.2443691574213
-0.787317994274796
-1.08341968796522
-0.00302846984944286
-0.0826025338986406
1.00488432451943
-0.578901728701485
0.18609163708798
0.275862126667316
-1.00028117677846
0.511072434375872
-1.98556905578409
1.3536825915446
-1.15140686023223
-0.401602535825205
-1.32428848685649
0.964380572264372
0.231051834267803
-1.17837396673424
0.707118821609753
-1.25078137932474
1.01901772468985
-0.873608747218696
-1.08966778432231
-1.23033881545495
-0.126933891851764
0.219867406971503
-1.02759341040726
1.07186665228664
-0.148539631029268
0.0778963560209753
-0.178695279770189
-0.304725393182515
0.246167544211893
-0.53207077056027
-0.796871960720538
0.497649076171756
1.81576517734803
-0.288896516244988
-1.14333440750293
0.455931848357466
-0.393504994249057
-2.98806243070544
-1.56251754427657
1.02208297767871
0.438959128644566
-1.5431836388085
-0.613630606555162
-0.535245591841191
0.532497973151058
-1.64248396172203
-0.997263845055281
0.99556593755845
-1.58105134888262
0.500581427303975
-1.02762896286457
-1.74461018098204
-1.77174118690342
0.76658152833971
1.54921566372291
1.93797243258865
-0.567741066033892
0.293567772030431
-0.814854149588426
-0.509680081224997
0.575040582547147
-1.73764193729088
-1.6564177461979
-1.35008445259231
-0.780759950756036
-1.53613006525215
0.298831286018631
-0.302988868389866
2.01757506032982
1.1183132634892
-0.396298214999443
-1.07552805596489
-0.312887139963972
0.0919967055067585
-1.04249597971862
0.316129101244746
-0.379271627588952
0.135360492143353
-0.300456646725803
-0.428680426406071
2.76563496575749
1.10897589397814
-0.578646988290104
1.21791499297678
-0.0834630165171616
1.17427461934097
0.576959990169011
-0.226610236518977
-1.49233638558553
-0.928640506738336
0.15913965793844
0.366889889019757
-0.50119207334094
-1.30334882435544
0.938538003360778
0.818101956333671
0.129044068611495
-1.24404562203235
-0.85529587127061
-2.14166209966847
1.31745352802446
-1.68208296010535
0.234957996075924
-0.29861882158189
0.148918394910743
0.464964344626888
1.29423200958526
-0.459518241070689
-0.844799245789648
-0.817457921586235
0.906369647072234
1.48741398048922
0.214998833379901
0.358650915033247
0.50453947863642
-1.08220198508861
1.88317820077761
-0.223274419428452
-0.486938306877412
0.0532638761860321
-1.16592716741858
-1.93163266144032
0.46199816767604
-0.615277848882542
0.429814125550067
-0.336558105873069
-0.503064870124938
-0.603418086096066
-0.747492938141369
0.859752138387056
-0.705673279703764
0.374904276582254
-0.0651883840809161
0.935262424014337
0.746270472239925
0.701577724799775
-0.650029921931992
-1.51025755799799
-0.43691026950636
0.43446823979331
-2.06139877874085
-0.0207642747045373
0.174506018361188
-0.583937689577629
0.809937292382893
-1.00174656583776
-1.08764592974528
0.633325957333991
-0.0173855913239473
0.647034455002346
-0.191344126917415
-0.348833078086425
0.438936658755325
-0.130412541138486
0.139253786521955
-0.338700773870311
-1.77884098584582
2.44910225212143
-1.5504119540406
1.70600202760493
-0.170215578616441
-0.456838201050968
0.24253282211577
1.53214199232662
0.832127235930567
1.25941936518401
0.626015708570919
0.688981144699744
2.25201512585785
-1.26671754452597
-0.0382176375396307
-1.0609833164467
-0.52260157778022
0.697077303885445
3.32608643813617
-1.04682243736833
0.203133617121327
1.01222869950597
-0.759021792400789
0.785379673417382
-0.400029307260531
0.682368920353725
1.31999448808108
1.90597754532057
-0.103990648656624
0.44668604980411
1.00696501687327
-0.570281666923787
1.18868379838773
-1.68038743252684
0.251674307138696
-0.888610864344637
-1.14459913683055
-2.06677427744923
0.624190396582292
-0.459402985186527
0.617813582216831
-1.4489544430277
-0.800419080857024
0.126671022070939
1.06878591701134
-0.724313011493321
0.396869720245044
1.09190116486002
0.558696541716713
-0.744728026737439
-1.40271669083248
2.55314799686131
0.0775989960644354
2.35385479064157
0.394885415604013
0.387661435156075
-0.103935517491045
-0.060436070412491
0.428693956386394
0.85210702370341
1.31762616062797
0.395642772147328
-0.207148244628021
-0.2479202812014
0.945152748503879
-0.112452201757129
-0.3460357598272
-0.989044236372815
-0.795934081555199
-0.903299692208068
-1.05079400925889
-2.47719794306498
0.553407143923636
-0.313300189231431
0.296242762942741
-1.60997547961635
1.94006867797482
0.640437650318381
-1.392251169554
-0.531533989901729
1.852163766196
1.52735288884087
-0.164953279300891
0.782374852208159
-1.34280796491641
0.635273297352763
2.0118696811981
0.319031302704698
0.484249960204029
0.0206646823301973
-0.31490988556864
-0.867435611006918
-0.296234143316903
-1.81497127333229
1.24991780868051
-0.646205291792344
-1.57095358823689
0.971080387236496
1.20461958895561
1.46281840017673
1.56697886162108
-0.729364031786205
-0.324255202244211
0.785976189222438
1.53317837111721
-1.72607860479047
0.93150784127108
-0.970760808400291
-1.11893302366377
0.0376712706303774
0.463506867720578
0.376720252702405
-1.19937705496905
1.02234920881154
-0.534509182833454
-1.11261387387843
0.441103318631863
2.11814886015141
0.383789890846787
0.771182510760203
0.832256772363012
0.203239506949687
-0.959632008843365
-0.202051383132369
-0.0728666219835556
-0.918300129195407
0.261230289334602
-0.01317185391515
-2.45872824461935
-0.443995971790299
0.907552338483105
-2.92408529603319
0.443976285086129
-0.0237114346071901
-0.0609344630136128
0.471135826839372
1.08237614722002
-0.559499188546078
0.575938092306322
0.311074816732503
-0.926810942637402
1.19362246737465
1.4162372933869
0.344991281469139
0.638050299196609
0.675011956540861
0.522016026087488
0.728699931715805
1.05865028310762
0.28196175053346
0.453371733966592
0.494695426438543
-1.65690619634219
2.23522904291867
1.10169357851783
-2.28472393200565
0.186480953632127
-1.64169908329601
-0.348986270991304
1.24151298917211
1.35812850533233
0.0167023002448875
-0.974385155720969
-0.303774030910817
0.289721026384174
1.58370835683456
0.211937471330393
-0.637658348378546
0.0899814887486695
0.176875852701406
0.46709294682706
-0.913176447596975
0.213201923968309
0.117291533877319
2.11568900168102
-0.428287747991411
0.25293712527726
1.75842728285633
-1.68855720484838
0.826413157165523
0.782882114677279
-2.41226541804249
-0.369296380832188
0.867411326039438
-1.67567831853377
0.245662312085319
-0.190148555180255
0.166323628955392
-2.11167086854954
2.56306766610553
1.77091780191316
1.35776677746197
0.902229021093589
-1.26502343810961
0.692569114069259
-0.614895206566611
-2.12506242986966
-0.465891622992713
-0.0502370118559458
0.596811718662998
0.0789056913856279
-0.670696214205245
2.74506581681152
-0.225983073402146
-1.0650354237793
1.31798345342401
0.46101232728545
-1.27597163703917
-1.74013442099614
0.382043557096715
0.260952437348207
-1.07965777564161
2.64599818357755
-0.355518499529143
-0.26918650543036
2.26175051992121
-0.37535446470322
0.812971902795104
-0.420704337576077
-0.650802194450291
1.17234266173936
-0.223399304722448
1.5537666162268
-1.08905729315494
-0.575659234725494
-2.23257332876263
0.592644109856669
-0.434566232808001
1.08441067158809
-0.0866743636148138
0.852100759057911
-0.636051321642121
0.543636025198763
0.498413828837736
0.791784347007775
1.09639678237842
0.213198727353598
0.541506274795784
-0.872525603451345
-2.40191364782544
2.50707755759327
0.226405967167164
0.874597330277878
-0.00795432553313601
-1.29820072825698
0.406798684013821
-0.228402392806456
-0.629254848203026
-0.0154475028102681
-1.58166284389816
0.203108399155539
-0.786645308361079
0.8457489045283
-1.2230042156941
-0.0798742719092899
-1.44041032253671
-1.60604382806901
-0.292621639056227
-0.123718282065348
0.392579270766554
-0.762635760344311
0.797299627768315
2.03316271939398
1.42680431286213
-1.81508843087735
-0.0789746992468154
-0.697394807705156
-0.398104204048516
1.62236791432194
-0.292001866188256
-0.00335400235536846
0.240864422561169
0.515550816807747
0.249734666395619
-2.67928405371524
-0.234103625526151
0.0565665101987976
-2.00022484040986
-0.21306941337189
-2.08687470475871
-1.09029049145113
-0.253979099030746
-2.31234033124979
0.135521612887707
0.721040082010393
1.33667498025137
-0.329326006856907
-1.23298327061303
-2.23251302371474
0.224976816787253
1.02972871072164
-1.60187202586347
1.5237314847726
-1.55838211239691
0.0982956548974849
1.13140777809933
2.0706911307537
0.757410624926955
1.27551754769889
-0.558441755224303
0.953950224897273
-1.54362429976734
1.28836844393371
0.162755414333823
1.34133644276273
-0.143836808475065
0.15769187201919
0.0485227189009338
0.664436484566846
-1.64945618582247
-1.49713027961474
-0.91786512971766
-1.022430690733
1.2986758908302
-0.69959939807335
1.41628016743304
-0.657777673897188
-1.52312766221684
0.827279395766634
0.180081989699899
-0.00331589978662722
0.0484451483722288
0.798979317524585
-0.680307884488335
1.59890162456617
1.4515070076773
0.210654945744678
-0.825863860734519
0.375899993748676
-1.19878113064677
-0.949295122655982
-1.10729268897488
-0.0706469955094937
2.13165042399689
0.6335337231133
1.11534488355694
-0.263594508686445
-0.61568460822016
-0.534810067390623
1.51066528565733
-1.4878910520621
1.14701414511187
0.26677756336554
-0.0598430863202544
0.613128533306339
-0.0461732446575675
1.28245556320231
1.71058596845387
-0.285323248745711
-1.5395660971516
0.214575045650297
1.06685548100689
-0.775900060561398
0.364323924533864
0.597838289484073
0.500518867684315
-1.542537425906
0.593235341840643
1.41072166212363
-1.13806316616906
-0.693216829725452
1.47316195834531
-0.88543176811581
0.468371340386204
-0.0220517877287689
-0.378676485451819
1.0190755673735
-0.186251674795391
0.0498183356511935
-0.517500522503671
0.139250909031585
-1.22120860536909
-0.263833993474354
1.283982203476
-1.13096623001283
0.105244758190848
-0.592756588287864
0.939194711886019
-1.00472449302496
1.00875658920142
-0.0992188509081152
-1.28951245279835
-1.22935317593654
-0.822822942908784
0.057260990663426
-0.604396488264475
0.580559548316024
-0.201059548876044
-0.852075550941095
0.653884826735857
0.456374552884747
-0.86142030282498
-0.886857176456896
-1.60477771959266
0.611612996805167
0.523150305883746
-0.107244807437983
1.327129739514
0.885153287318307
0.403937318058835
1.20690320255868
-0.947609969294756
-0.395394392418343
-1.52897529639022
-0.730374589177324
0.0664502430460996
0.524891400094498
-1.65066197796839
-0.794019365707227
-0.0919752040837695
0.62950592046476
-0.283727909825411
0.0244282353990808
-1.73703410766198
-0.957174178540385
1.46141224666148
1.75474570368703
0.857959907033569
1.23700069910763
-0.100562424144363
0.0491661246341115
-0.0282484446780198
0.532922315001548
-0.601461944118468
-0.793822850577715
-0.335458446294168
1.1186562251728
-1.18609018876847
0.31873350250967
0.919857680662546
-1.61554907280232
0.31102046560651
-0.120774353094718
2.16052883194944
-0.717333158598509
0.708150998616289
2.12869898157049
1.17434263194974
0.149673009536384
-0.00615127498779963
0.529693885478015
1.74583326187254
0.292822875087824
-0.745152748491242
1.84884196746415
0.989674751356806
0.606203763536434
-1.55394070566639
0.710317622935594
-0.391864893745336
0.506310857007974
-1.00712058709661
0.287274662055542
1.72243949115124
2.2582144598163
-0.680345124327216
1.50902908122089
0.416454891479904
0.156667921022574
0.373227871272086
1.37378676849141
-0.395664180274013
-0.910883652654153
0.480829864676945
1.54633750202331
1.26474857234914
0.729681972766732
-0.306729434163387
0.843766301256727
-0.898637886540854
0.161469011802394
-1.23143935293807
-0.623234098246142
-0.464487989915512
-0.343185429073032
0.521544883222556
-0.362101597537032
-0.175456479666939
-0.849127076209751
-0.36533908747086
-0.204613959504738
-1.44723427410117
0.193744594181705
0.605326392826999
0.490892122398514
-0.112593730731563
-0.387260890025501
2.05129269137414
0.0876893135345975
-0.107820254405314
-2.08740787204836
-0.248483660114007
-0.213696287949846
-0.320347667473599
0.174556315646696
0.100912722903047
0.292259935058109
0.860669594184324
1.26803913176517
0.852324527826503
1.43602816708796
-2.14236512559563
-0.864686820143046
-2.45586573724297
0.198943339559322
2.27445699042076
-0.934993960474607
1.13941199404779
-0.875205966510846
1.30466672693268
-0.292894062088636
-0.739532191976415
-0.0495611676716943
-0.766756375814908
-0.797696899479744
-1.0237847920947
0.967788225382832
0.131666523130245
-0.273772198647691
0.43113359910084
0.591236330844184
-1.43150896744202
-0.384437370122566
-1.19199553767185
-0.525792504922932
0.851966509894564
-1.37352178522079
0.0488394778974169
0.494632360674242
-1.68656376535351
0.130645927530817
-1.26079835585031
1.30339679211121
-0.0238734943552566
1.34651746994942
0.132661450392093
-1.44564880823981
0.211276366920967
0.997500599741966
1.30833585645427
-1.16658327771255
-1.04065532257221
0.20976709832067
-0.231390603544137
1.71974933218736
1.66681608267781
-0.480369276819386
-0.584641004097222
0.671666584176171
-0.895869339190843
1.49105127191851
-0.28278053910934
0.733500861593719
-1.67733954077695
0.220929132628381
-0.135800834345673
0.156064164308376
-0.71280939300438
1.12790879694784
1.08464245168014
-0.908576441830654
-0.77105514127906
-1.15389379997295
0.300495883333902
0.216606784446543
0.167330002282318
-0.595580335497637
-0.387603254741831
0.11656434217991
-0.00564680836274867
1.11935899452333
-1.24329582348721
0.72986908764483
-0.275791633549892
-0.207918064312133
0.85789601449071
0.157177669637669
1.24421219241297
-1.6438027950784
-1.36539533797868
0.56511706604251
0.396649577448039
-0.941027214207877
-0.946828322871284
-1.497410046298
1.34804578708334
-0.842834438405716
-0.461752305458558
-0.692301848328202
-0.506511907889314
-1.24109291741915
0.0856689933390675
-1.60330392356273
0.396964722913569
-0.954184687719666
0.0912403624213503
1.29428091580274
0.566749856490017
0.0702626224368635
-0.513394489339055
-0.326900477176168
0.20375878326218
1.31181012891261
0.420899460806918
0.422298867113557
0.667912956255646
-0.0871710812639171
-1.47887245213226
0.090385973039975
2.68568090488789
-1.15854096656124
0.776948227486562
-0.560108926934466
0.0989585885466539
-1.13558025749665
-0.220694821714794
0.110274162238146
1.06354043236806
0.883297010987896
1.1397942820988
-0.432165441805739
-0.620924015221679
-0.304148780885415
1.9680945379383
1.77079884122004
0.086997174235969
1.26826839780751
0.0309082954784666
0.274592084562655
-1.74541857561589
1.20806062960858
-1.28944586605067
1.01010866252181
0.513284325145769
0.269988602842333
-0.755415390058956
-0.416697139924391
-0.599968715169089
-0.373183526013317
-1.05001430414938
0.944802806852372
0.167403945341461
-0.869428239745908
-0.237886452472039
-0.291541674192329
0.481996338022455
0.0288156013023972
1.78159663642307
-0.0101659225859903
1.63370949561932
0.951831199087975
-0.89902828843526
1.17203654941732
-1.23584620923958
1.12309416051245
-0.444563072838886
1.20715457566906
1.44461740952119
0.534311600537903
0.595828069157696
-0.864004428780273
-1.0326069854059
-0.0848959098247761
-0.588292647603308
0.409629535075737
-0.890812062085188
1.58552298643744
0.755755435717912
1.0796283835671
-1.10357520311975
0.881953714932542
1.46425529232564
-0.0223517103158543
0.52990103210557
1.19025386161727
-0.796687425824103
0.0144874080501819
-0.453039797883441
-1.30562812941419
-0.218438966947625
-1.29683356521491
-1.46896367354786
-0.777788010831729
0.64897417385578
0.207368248891591
0.768152126411875
-0.230842354498186
-1.018426138358
0.0296162688541033
-0.139677360262182
-1.82252969100901
0.0606234460241537
0.412449654293265
0.3926644135093
-0.933144320568148
-1.44989226029269
0.554218180067972
-0.082584558106309
-1.33880598757312
2.0235558289628
-1.55128395707894
0.464232808681899
1.37475518785236
-0.488478798882215
-0.492098796183964
-1.60054759106163
-0.442875025401491
-0.7608873457206
0.731301568290264
-1.53545876226684
0.0336187713364297
1.05130506617211
0.240311870455978
-0.366203390233142
0.451594016175775
0.124979599882397
-0.291421998006236
-1.57648793038082
1.06265411392084
-0.183032392474627
-0.785918677040814
-0.418700808334158
-0.25903645495841
0.624681855124546
0.629607508350417
1.58047870194872
-1.07192373295532
-0.143240694469984
-0.0522772151745492
-2.05255585170783
-0.810987446832849
0.977742523381411
-0.710361482427438
0.123866185018188
-0.701737220953548
-2.2048599975187
-0.919492846893493
0.947138204111647
0.390005521774093
0.504754596724309
-0.032080658541464
-0.884266944108785
0.173323161463496
-0.140092830466429
0.78025065212541
-0.716904171344752
-0.0196268346170573
-1.65613566267304
-0.381726573548558
0.861465292669917
-0.104987988261865
-0.433534211929312
-0.496376681203725
-0.109838053565688
1.6286636016886
0.669828992579944
0.702722052819392
1.05023275150652
-1.01930247395326
0.823617133405144
-0.0858291274259271
-0.566505487702328
1.82742249470246
-1.01873151269807
1.69019186075778
-0.172219886774036
0.419443498928894
0.427329965360824
1.14946237949207
0.289274084857676
0.560372834356309
-1.26068034561426
0.089340419882199
-0.547565986392248
1.57667644102766
0.0352284630929311
0.21072836300287
-0.485743967304825
-1.68218520838712
0.791869026831841
-1.8543256286177
-0.661683278415062
0.640102071535976
-0.43281546165819
-1.40361083522531
-0.910148508656852
1.51660601479839
0.682173954774002
-0.810179834088527
-0.904492487110768
-1.30490939632046
0.720520662407824
0.349406854580717
-0.661525058459084
-0.683335878629959
-1.30575988108913
2.35010253548576
-0.864731489437494
0.569835830702744
0.768806743963673
-0.43589252262181
-0.197623653640721
-0.841232459962555
0.257237365536995
0.362968407365758
0.832952636859087
0.0910011742413246
-2.28436532501784
1.15434752224089
0.498587060820254
-0.619393129143328
0.771724245278356
0.308710967880356
0.430396359996005
0.782045100298621
1.08904198205342
0.284787303686229
-0.42199101993632
-0.256627110376439
1.47017697717128
-0.412557015706419
